     0/299    0.858G       4.7      8.37      1.24      14.3         3       544         0         0   0.00177         0      3.16     0.888     0.966
     1/299    0.872G      4.03      2.65     0.947      7.62         2       448       0.5    0.0135    0.0253    0.0263      2.91      0.97     0.721
     2/299    0.835G      3.83      2.53      0.74       7.1         5       384         0         0    0.0353         0      2.89     0.958       0.5
     3/299     1.94G      3.39      2.03     0.521      5.94         4       448     0.128   0.00414    0.0566   0.00802      2.72     0.797     0.356
     4/299    0.858G      3.53      1.63     0.417      5.58         2       480     0.224    0.0432     0.103     0.072      2.62      0.71     0.235
     5/299    0.854G      3.43       2.1     0.345      5.88         2       320    0.0521    0.0484    0.0215    0.0502      3.12     0.707     0.165
     6/299    0.921G      3.33      1.65     0.307      5.29         1       640     0.404    0.0351    0.0978     0.064      2.78     0.564     0.148
     7/299    0.854G      3.61      1.55     0.302      5.46         1       352      0.21    0.0161    0.0889      0.03      2.91     0.489     0.184
     8/299     1.97G      3.42      1.67      0.34      5.42         3       384      0.33    0.0915     0.102     0.142      2.78     0.562     0.224
     9/299     0.86G      3.19      1.56     0.313      5.07         1       512     0.728    0.0955     0.152     0.154      2.43     0.529     0.191
    10/299      1.7G      3.13      1.54     0.221      4.89         2       448     0.174    0.0899     0.116     0.114      2.27     0.523     0.159
    11/299     0.86G      2.97      1.47     0.236      4.68         2       608     0.268     0.137     0.137      0.18      2.52     0.547      0.18
    12/299     1.53G      2.92      1.42     0.231      4.57         2       640     0.215    0.0849     0.145     0.122      2.37     0.514     0.143
    13/299      1.7G      2.82      1.49      0.19       4.5         1       448     0.529     0.159     0.163     0.207      2.23     0.547     0.116
    14/299      1.7G      2.86      1.36      0.17      4.39         6       640     0.574     0.132     0.179     0.203      2.24       0.5     0.101
    15/299      1.7G       2.7      1.06     0.129      3.89         3       640     0.567      0.15     0.173     0.212      2.43     0.459     0.103
    16/299     0.86G      2.84      1.63     0.163      4.64         2       576     0.316     0.231     0.205      0.25       2.3     0.528     0.134
    17/299     1.89G      2.75      1.25      0.17      4.17         2       640     0.433     0.148     0.166     0.201      2.56     0.491     0.126
    18/299      1.9G      2.53      1.14     0.161      3.83         0       512       0.7     0.183     0.216     0.221      2.46     0.484    0.0998
    19/299    0.854G      2.75      1.59     0.152      4.49         2       416     0.206     0.213     0.154     0.207      2.32     0.552    0.0821
    20/299     1.91G      2.66      1.26     0.194      4.11         2       512     0.458     0.191     0.213     0.267      2.31     0.487    0.0842
    21/299     1.91G      2.74      1.41      0.14       4.3         2       448      0.28     0.275     0.227     0.275      2.27     0.552    0.0845
    22/299     1.91G      2.57       1.4     0.147      4.12         2       320     0.299      0.25     0.197     0.271      2.43     0.521    0.0733
    23/299     1.91G      2.67      1.38     0.153      4.21         2       576     0.285     0.252     0.181     0.259      2.58     0.505    0.0746
    24/299     1.91G      2.63      1.44     0.161      4.23         5       320     0.319     0.229     0.247      0.24      2.09     0.503    0.0545
    25/299     1.91G      2.57      1.58     0.155       4.3         0       416     0.317     0.264     0.227      0.28      2.21     0.506     0.056
    26/299     1.91G      2.53      1.45     0.124       4.1         1       352     0.229     0.272     0.213     0.249      2.35     0.554    0.0876
    27/299     1.91G      2.59      1.51     0.111      4.21         2       352     0.308     0.253     0.232     0.276      2.05     0.511     0.121
    28/299     1.91G      2.49      1.23     0.178      3.89         5       384     0.325     0.207      0.18     0.253      2.44     0.499     0.106
    29/299     1.91G      2.59      1.62      0.12      4.33         3       576     0.207     0.264     0.189     0.229      2.32     0.546    0.0764
    30/299     1.91G      2.43      1.15     0.118       3.7         2       640     0.414     0.306       0.3      0.35      2.12     0.497    0.0655
    31/299     1.91G      2.42      1.17     0.138      3.73         1       512     0.303      0.32     0.214     0.311      2.44       0.5    0.0963
    32/299     1.91G      2.49      1.51     0.108       4.1         2       480     0.358     0.288     0.207     0.317      2.52     0.503    0.0908
    33/299     1.91G      2.61       1.6     0.131      4.34         3       384     0.338     0.277     0.225     0.276      2.13     0.517     0.069
    34/299     1.91G      2.44      1.36      0.12      3.92         5       352      0.34     0.415     0.337     0.372      2.29     0.549    0.0713
    35/299     1.91G      2.48      1.51     0.137      4.12         2       448     0.311      0.32     0.246      0.31      2.28     0.513    0.0726
    36/299     1.91G      2.42      1.32     0.102      3.84         1       544     0.394     0.272      0.25     0.313      2.55     0.496    0.0581
    37/299     1.91G      2.36      1.35     0.109      3.83         5       320     0.309     0.377      0.31     0.338      2.34     0.531    0.0666
    38/299     1.91G      2.31      1.19    0.0919      3.59         2       512     0.335     0.294     0.249     0.306       2.1     0.491    0.0767
    39/299     1.91G       2.5       1.6     0.125      4.23         2       512     0.263     0.405     0.245     0.319      2.27     0.547    0.0801
    40/299     1.91G      2.36      1.28    0.0889      3.73         1       608     0.312     0.303     0.263     0.306      2.29     0.499    0.0758
    41/299     1.91G      2.29      1.24     0.096      3.63         3       608     0.316     0.445     0.298     0.367      2.13      0.55    0.0815
    42/299     1.91G      2.44      1.52    0.0951      4.05         7       576     0.189     0.323     0.203     0.238       2.4     0.542     0.101
    43/299     1.91G      2.24      1.23    0.0863      3.56         2       416     0.217     0.283     0.185     0.245      2.17      0.51    0.0741
    44/299     1.91G      2.32      1.37    0.0816      3.77         3       512     0.295     0.515     0.333     0.375      2.06     0.578    0.0473
    45/299     1.91G       2.3      1.25     0.101      3.66         4       608     0.307      0.32     0.256     0.309      2.21     0.493    0.0552
    46/299     1.91G      2.26     0.926    0.0846      3.27         2       480     0.464     0.338     0.333     0.382      2.17     0.459    0.0482
    47/299     1.91G      2.28      1.02    0.0871      3.39         2       416     0.451     0.412     0.371      0.43      2.24     0.469    0.0442
    48/299     1.91G      2.37      1.44    0.0712      3.88         2       608     0.372     0.361     0.346     0.364       2.2     0.473    0.0507
    49/299     1.91G      2.32      1.34     0.079      3.73         2       576       0.3     0.414     0.301     0.348      2.15     0.539     0.051
    50/299     1.91G       2.5      1.63    0.0718       4.2         8       544     0.174     0.377     0.218     0.237      2.36     0.619     0.048
    51/299     1.91G      2.25      1.21     0.119      3.58         3       512     0.314      0.42     0.293     0.359      2.19     0.536    0.0531
    52/299     1.91G       2.2      1.13    0.0901      3.42         3       352     0.332     0.447     0.365     0.381      1.93     0.528      0.05
    53/299     1.91G      2.28      1.19    0.0845      3.56         2       512     0.293     0.323     0.282     0.294      2.07     0.484    0.0487
    54/299     1.91G      2.25      1.37    0.0924      3.72         3       448     0.378     0.435     0.346     0.404       2.2     0.498    0.0493
    55/299     1.91G       2.3      1.22     0.133      3.66         3       448     0.229     0.285     0.234     0.254      2.41     0.485    0.0398
    56/299     1.91G      2.27      1.37    0.0603       3.7         3       448     0.274      0.41     0.303     0.327      2.29     0.523    0.0479
    57/299     1.91G      2.22      1.36    0.0633      3.64         1       608     0.276     0.404     0.294     0.327      2.26     0.524    0.0648
    58/299     1.91G      2.26       1.3      0.07      3.63         2       544     0.357      0.45     0.325     0.397      2.17     0.512    0.0689
    59/299     1.91G      2.28      1.58      0.08      3.94         1       320     0.255     0.355     0.249     0.296      2.17     0.528    0.0505
    60/299     1.91G      2.16      1.07    0.0637      3.29         2       480      0.35     0.385     0.343      0.35      1.92     0.484    0.0414
    61/299     1.91G      2.25      1.25    0.0622      3.57         2       608     0.263     0.424     0.271     0.325      2.05     0.539    0.0541
    62/299     1.91G      2.17      1.14    0.0788       3.4         1       384     0.351     0.379     0.273      0.36      2.16     0.484    0.0544
    63/299     1.91G      2.23       1.3    0.0639       3.6         3       512     0.232     0.331     0.214     0.271      2.25     0.493    0.0658
    64/299     1.91G      2.23      1.29    0.0641      3.58         1       320      0.26     0.375     0.282     0.304      2.21     0.505    0.0511
    65/299     1.91G      2.24       1.2    0.0902      3.53         2       416     0.363     0.339     0.317     0.329      2.07     0.478    0.0522
    66/299     1.91G      2.07      1.12    0.0513      3.24         3       448     0.311     0.392     0.281     0.346      2.44     0.469    0.0701
    67/299     1.91G      2.21      1.38      0.05      3.64         2       512     0.239     0.396     0.261     0.298       2.5      0.51    0.0443
    68/299     1.91G      2.27       1.4    0.0858      3.75         2       512     0.334     0.391      0.31     0.359      2.28     0.468    0.0344
    69/299     1.91G      2.22      1.45     0.047      3.72        12       352     0.313     0.467     0.297     0.371      2.47      0.52    0.0752
    70/299     1.91G      2.23      1.51    0.0792      3.82         5       480     0.247     0.383     0.242       0.3      2.36     0.526    0.0632
    71/299     1.91G       2.1      1.29    0.0909      3.48         2       640     0.285     0.462     0.325     0.351      2.33     0.535    0.0282
    72/299     1.91G      2.27      1.57    0.0717      3.91         9       384     0.283     0.426     0.301      0.34      2.42      0.49    0.0451
    73/299     1.91G      2.16      1.38    0.0554       3.6         1       416     0.273      0.45     0.258     0.339      2.31     0.532     0.138
    74/299     1.91G      2.09      1.09    0.0463      3.22         1       480     0.373     0.437     0.379     0.393      2.12     0.505     0.101
    75/299     1.91G      2.18      1.35    0.0611      3.59         2       384     0.284     0.423     0.312     0.337       2.3     0.483    0.0414
    76/299     1.91G      2.18       1.3    0.0516      3.53         4       384     0.239     0.396     0.265     0.297      2.22      0.49    0.0291
    77/299     1.91G      2.07      1.28     0.057      3.41         1       320     0.323     0.469     0.343     0.382      2.28     0.494    0.0352
    78/299     1.91G      2.11      1.32    0.0684      3.49         2       512     0.303     0.434     0.327     0.355      2.33     0.483     0.028
    79/299     1.91G      2.11      1.21    0.0713       3.4         2       416     0.303     0.364     0.324     0.329       2.5     0.462    0.0522
    80/299     1.91G      2.09      1.09    0.0632      3.25         1       320     0.289     0.372     0.302     0.322      2.39     0.486    0.0462
    81/299     1.91G      2.01      1.28    0.0535      3.34         2       352     0.277     0.436     0.307     0.333       2.3      0.53    0.0275
    82/299     1.91G      2.09      1.32    0.0534      3.46         3       544      0.24     0.447     0.266     0.312      2.22      0.55    0.0254
    83/299     1.91G      1.94      1.18     0.055      3.18         2       480     0.297      0.52     0.369     0.378       2.3     0.519    0.0311
    84/299     1.91G      2.07      1.06    0.0389      3.17         1       416     0.368     0.469     0.347     0.409      2.28     0.491    0.0247
    85/299     1.91G       2.1      1.31    0.0637      3.47         1       448     0.253     0.396     0.296     0.309      2.33     0.496    0.0234
    86/299     1.91G      2.05      1.09    0.0437      3.18         1       544      0.33     0.542     0.404      0.41      2.09     0.497    0.0209
    87/299     1.91G         2      1.09    0.0385      3.14         3       640     0.314     0.497     0.393     0.385      2.12     0.486    0.0225
    88/299     1.91G      2.12      1.52    0.0542       3.7         1       576     0.303     0.439     0.317     0.353      2.25     0.482    0.0254
    89/299     1.91G      1.99      1.12    0.0452      3.16         2       640     0.284     0.431     0.293     0.339      2.28     0.481     0.031
    90/299     1.91G      2.11      1.34    0.0494       3.5         3       576     0.252     0.504     0.301     0.335       2.1     0.563    0.0247
    91/299     1.91G      2.08      1.31    0.0713      3.45         1       448     0.229     0.399     0.269      0.29      2.23     0.512    0.0261
    92/299     1.91G      2.03      1.04    0.0433      3.11         1       352     0.267     0.377     0.297     0.311       2.3     0.475    0.0264
    93/299     1.91G      1.97      1.05    0.0367      3.05         1       480     0.264     0.347     0.285     0.297      2.32     0.453    0.0312
    94/299     1.91G      2.03      1.25    0.0499      3.33         1       512     0.225     0.399     0.257     0.286      2.36       0.5    0.0249
    95/299     1.91G      1.94     0.989    0.0401      2.97         2       640     0.292     0.404     0.272     0.333      2.25     0.462    0.0284
    96/299     1.91G      1.94     0.981    0.0329      2.95         1       640     0.321     0.412     0.303     0.355      2.37     0.456    0.0299
    97/299     1.91G      2.08      1.23    0.0544      3.37         2       416     0.236     0.412      0.27     0.298      2.44     0.506    0.0244
    98/299     1.91G      2.09      1.23      0.04      3.36         1       640     0.239      0.49     0.293      0.32       2.5     0.543    0.0331
    99/299     1.91G      2.07      1.32    0.0634      3.46         2       352     0.258     0.474     0.299     0.334       2.2     0.517    0.0347
   100/299     1.91G      2.01      1.19    0.0571      3.26         3       448     0.279     0.455     0.306     0.346      2.12     0.467    0.0155
   101/299     1.91G      1.98      1.14    0.0383      3.16         3       480     0.263     0.442     0.287     0.329      2.38     0.456    0.0134
   102/299     1.91G      1.87     0.957    0.0503      2.88         2       576     0.291     0.425     0.306     0.344      2.27     0.447    0.0145
   103/299     1.91G      1.95      1.21    0.0521      3.21         3       512     0.279     0.477     0.311     0.351      2.54     0.473     0.016
   104/299     1.91G      1.95      1.11    0.0422       3.1         2       512     0.291     0.485     0.307     0.364      2.51     0.502    0.0194
   105/299     1.91G      2.01      1.39    0.0508      3.45         1       640     0.212     0.407     0.235     0.277      2.61     0.552    0.0265
   106/299     1.91G      2.01       1.1    0.0654      3.17         4       576     0.257      0.38     0.271     0.305      2.38     0.462    0.0227
   107/299     1.91G      1.84      1.05     0.046      2.94         2       640     0.279     0.466     0.281     0.349      2.31     0.488     0.024
   108/299     1.91G      1.99     0.882    0.0493      2.92         2       416     0.291     0.434     0.287     0.348       2.2     0.456    0.0617
   109/299     1.91G      2.04      1.56    0.0637      3.66         2       320     0.175     0.353     0.252     0.234      2.34     0.503     0.018
   110/299     1.91G      1.98      1.32    0.0412      3.35         1       416     0.264     0.499     0.323     0.345      2.23     0.513    0.0154
   111/299     1.91G      1.82     0.993    0.0284      2.84         1       608     0.254     0.501     0.295     0.336      2.19     0.506    0.0193
   112/299     1.91G      1.77      1.14    0.0287      2.93         2       448     0.292     0.566     0.347     0.385       2.1     0.518     0.016
   113/299     1.91G      2.03      1.36    0.0427      3.44         3       576     0.232      0.42     0.255     0.298      2.18     0.511    0.0176
   114/299     1.91G       1.9      1.08     0.041      3.03         5       576     0.288     0.547     0.336     0.377      2.19      0.52    0.0165
   115/299     1.91G      1.96      1.18    0.0541       3.2         1       576     0.321     0.534     0.359     0.401      2.17     0.512    0.0158
   116/299     1.91G      1.96      1.21    0.0507      3.22         1       544     0.332     0.571     0.391     0.419         2     0.496    0.0169
   117/299     1.91G      2.05       1.4    0.0546       3.5         2       512     0.234     0.496     0.297     0.314      2.19     0.556    0.0194
   118/299     1.91G       1.9      1.18     0.028      3.11         5       320     0.356     0.536     0.382     0.427      2.11     0.472    0.0198
   119/299     1.91G      1.88      1.21    0.0307      3.12         2       480     0.224     0.481     0.289     0.306      2.21     0.529    0.0149
   120/299     1.91G      1.86      1.05    0.0289      2.94         2       544     0.292      0.48     0.339     0.358      2.23     0.484    0.0191
   121/299     1.91G      1.77     0.926    0.0352      2.73         3       416     0.299     0.401      0.31     0.335      2.24     0.453    0.0219
   122/299     1.91G      1.91      1.34    0.0444       3.3         2       416     0.259     0.436     0.289     0.323      2.18     0.487      0.02
   123/299     1.91G      1.89      1.26    0.0341      3.18         2       352     0.306     0.466     0.326     0.369      2.06     0.473    0.0188
   124/299     1.91G      1.95      1.01    0.0452         3         1       576     0.332     0.462     0.321     0.385      2.13     0.457    0.0436
   125/299     1.91G      1.89      1.09    0.0321      3.01         3       640     0.279     0.509     0.306     0.361      2.36     0.474     0.052
   126/299     1.91G       1.8      1.02    0.0445      2.86         7       384     0.324     0.455     0.344     0.379      2.22     0.448    0.0355
   127/299     1.91G      1.83      1.07    0.0452      2.95         3       640     0.311     0.485     0.319     0.376      2.22     0.468    0.0249
   128/299     1.91G       1.9      1.39    0.0497      3.34        17       416     0.237      0.39     0.285     0.292      2.29     0.484    0.0172
   129/299     1.91G      1.91      1.07    0.0346      3.02         1       480     0.265     0.455     0.306     0.334       2.3     0.489    0.0164
   130/299     1.91G      1.94      1.09    0.0333      3.06         1       320      0.31     0.523     0.348     0.387      2.13     0.486    0.0187
   131/299     1.91G      1.91      1.11    0.0286      3.05         3       416     0.304     0.517     0.311     0.383      2.36     0.485    0.0175
   132/299     1.91G      1.76     0.925    0.0296      2.72         4       352     0.303     0.399     0.296     0.343      2.19     0.442     0.016
   133/299     1.91G      1.91      1.13    0.0305      3.07         2       512     0.256     0.461      0.28     0.329      2.21     0.489    0.0143
   134/299     1.91G      1.88      1.22    0.0353      3.13         2       640     0.312     0.507     0.305     0.386      2.13     0.482    0.0155
   135/299     1.91G      1.79     0.983    0.0297       2.8         0       448     0.317     0.496     0.325     0.386      2.25     0.467    0.0206
   136/299     1.91G      1.79      1.24    0.0355      3.06         1       320     0.278     0.517     0.322     0.361      2.31     0.498    0.0188
   137/299     1.91G      1.97      1.45    0.0373      3.46         1       416     0.216     0.507     0.305     0.302      2.43     0.567    0.0185
   138/299     1.91G      1.88      1.16    0.0536      3.09         2       384     0.289     0.569     0.334     0.383      2.28     0.524    0.0141
   139/299     1.91G      1.83      1.14    0.0639      3.03         3       640     0.245     0.485     0.277     0.325      2.34     0.518    0.0136
   140/299     1.91G      1.86      1.12    0.0492      3.03         1       640     0.319      0.49     0.329     0.387      2.27     0.464    0.0157
   141/299     1.91G      1.81      1.19    0.0489      3.05         1       320     0.256     0.477     0.301     0.332       2.3      0.49    0.0136
   142/299     1.91G      1.85      1.07    0.0421      2.96         1       480     0.303     0.509      0.31      0.38      2.26     0.501    0.0147
   143/299     1.91G      1.82      1.21    0.0343      3.07         1       384     0.296     0.553     0.342     0.385      2.28     0.512    0.0147
   144/299     1.91G       1.9      1.01    0.0423      2.95         4       608     0.345      0.47     0.331     0.396      2.27     0.448    0.0144
   145/299     1.91G      1.86      1.19    0.0342      3.08         3       320     0.279     0.526     0.333     0.365      2.32     0.489    0.0139
   146/299     1.91G       1.8      1.23    0.0307      3.06         3       416     0.259     0.487     0.297     0.338       2.3     0.487    0.0126
   147/299     1.91G      1.78     0.987    0.0249      2.79         1       512     0.265     0.509     0.318     0.349      2.31     0.499    0.0126
   148/299     1.91G      1.82      1.15    0.0382      3.01         3       608     0.258     0.469     0.303     0.332      2.29     0.476    0.0115
   149/299     1.91G      1.87      1.08     0.023      2.97         2       512      0.27     0.482     0.309     0.346       2.2     0.494    0.0102
   150/299     1.91G      1.88      1.34     0.035      3.25         1       640     0.269     0.528     0.297     0.354      2.31     0.529    0.0128
   151/299     1.91G      1.72     0.879    0.0306      2.63         4       480       0.4     0.517     0.367     0.451      2.18     0.439    0.0168
   152/299     1.91G      1.71      1.05    0.0282      2.79         3       640     0.289     0.461     0.311     0.354      2.17     0.463    0.0204
   153/299     1.91G      1.81      1.12    0.0345      2.97         2       608     0.268     0.488     0.298     0.345      2.23     0.487     0.018
   154/299     1.91G      1.76      1.07    0.0259      2.85         2       448     0.306     0.508     0.321      0.38      2.15     0.482    0.0128
   155/299     1.91G       1.8      1.12    0.0363      2.95         1       384     0.267     0.461     0.293     0.338      2.13      0.48    0.0119
   156/299     1.91G      1.81      1.12    0.0294      2.96         8       640     0.314     0.492     0.308     0.383      2.09     0.476    0.0131
   157/299     1.91G      1.76      1.05    0.0346      2.85         1       384     0.342     0.493     0.315     0.402      2.09     0.459     0.014
   158/299     1.91G      1.77      1.09    0.0273      2.89         2       352     0.343     0.475     0.323     0.397      2.14      0.45    0.0141
   159/299     1.91G      1.76     0.905    0.0271      2.69         3       448     0.289     0.474     0.314     0.359      2.13     0.449    0.0124
   160/299     1.91G       1.7      1.08    0.0244       2.8         2       480     0.313     0.504     0.349     0.386       2.2     0.457     0.015
   161/299     1.91G      1.77      1.14    0.0354      2.94         1       640     0.269     0.478       0.3     0.344      2.31     0.475    0.0166
   162/299     1.91G      1.81     0.983    0.0676      2.86         2       640     0.326     0.523     0.327       0.4       2.1     0.453    0.0155
   163/299     1.91G      1.73      1.11     0.033      2.87         2       416     0.299     0.496     0.321     0.372      2.09     0.469    0.0181
   164/299     1.91G      1.73      1.02    0.0309      2.78         2       448       0.3     0.493     0.324     0.369      2.16     0.485     0.016
   165/299     1.91G       1.7      1.06    0.0272      2.79         1       576     0.242     0.458     0.281     0.315       2.1     0.501    0.0146
   166/299     1.91G      1.73      1.12     0.028      2.88         2       512     0.272     0.488     0.287     0.348      2.13      0.48     0.014
   167/299     1.91G      1.67      1.02    0.0244      2.72         3       448     0.278     0.463     0.287     0.346      2.08     0.457    0.0159
   168/299     1.91G      1.63      1.18    0.0289      2.85         1       640     0.238     0.455     0.297     0.313      2.26     0.489    0.0138
   169/299     1.91G      1.66     0.944      0.03      2.63         1       608     0.296     0.477     0.321     0.365      2.25     0.457    0.0138
   170/299     1.91G      1.78      1.03    0.0256      2.83         4       576     0.252     0.426     0.298     0.316      2.19     0.466    0.0124
   171/299     1.91G      1.85      1.33    0.0395      3.22         1       352     0.243     0.493      0.27     0.326      2.35     0.497    0.0119
   172/299     1.91G      1.86       1.2    0.0306      3.09         6       480     0.234     0.431     0.282     0.302      2.32     0.496     0.012
   173/299     1.91G      1.67     0.988    0.0317      2.69         2       608     0.296     0.526     0.345     0.379      2.18     0.469    0.0121
   174/299     1.91G      1.82       1.2    0.0497      3.07         1       384     0.254     0.466     0.296     0.329      2.17     0.479    0.0125
   175/299     1.91G      1.78       1.1    0.0209       2.9         2       512     0.268     0.412     0.313      0.32      2.23     0.451    0.0119
   176/299     1.91G      1.71      1.18    0.0325      2.92         1       416     0.248     0.482     0.308     0.327      2.28     0.485    0.0125
   177/299     1.91G      1.67      1.04    0.0241      2.73         2       544     0.246     0.434     0.294     0.314      2.32     0.458    0.0116
   178/299     1.91G      1.72     0.984    0.0666      2.78         1       576     0.286     0.458     0.333     0.352      2.32     0.454    0.0137
   179/299     1.91G       1.8      1.08    0.0321      2.91         2       416     0.238     0.431     0.289     0.307      2.37     0.467    0.0139
   180/299     1.91G      1.72     0.988    0.0304      2.74         2       320     0.279     0.485     0.321     0.353      2.25     0.478    0.0103
   181/299     1.91G      1.86      1.33    0.0258      3.21         2       512     0.219     0.458     0.272     0.296      2.28     0.523    0.0127
   182/299     1.91G      1.62     0.823    0.0304      2.47         2       480     0.292      0.48     0.311     0.361      2.16      0.46    0.0127
   183/299     1.91G      1.72       1.3    0.0426      3.06         1       320     0.214     0.425      0.27     0.285      2.28     0.494    0.0128
   184/299     1.91G      1.76      1.15    0.0384      2.95         2       512     0.227     0.441     0.278     0.299      2.26      0.47    0.0123
   185/299     1.91G       1.8      1.24    0.0284      3.07         3       544     0.234     0.407     0.258     0.295      2.36     0.451    0.0241
   186/299     1.91G      1.62     0.852    0.0419      2.51         2       544     0.302     0.393     0.311     0.338       2.2     0.423    0.0134
   187/299     1.91G      1.77       1.2    0.0342         3         1       352     0.261     0.482     0.301     0.339      2.42     0.477   0.00818
   188/299     1.91G      1.82      1.33    0.0443       3.2         2       608     0.188     0.458     0.261     0.267       2.4     0.538   0.00989
   189/299     1.91G      1.67         1    0.0237      2.69         2       352     0.308     0.471     0.332      0.37      2.15     0.448   0.00828
   190/299     1.91G      1.76      1.22    0.0276      3.01         1       352     0.294     0.439     0.317     0.352      2.27     0.458   0.00869
   191/299     1.91G       1.7      1.23    0.0202      2.95         3       576     0.242     0.471     0.292      0.32      2.31     0.506    0.0084
   192/299     1.91G      1.67      1.14    0.0277      2.84         1       384     0.237     0.477     0.274     0.317      2.26     0.512   0.00995
   193/299     1.91G      1.68      1.09    0.0186      2.79         3       480     0.287     0.498      0.31     0.364      2.37     0.479   0.00999
   194/299     1.91G      1.69       1.1    0.0323      2.82         2       416     0.256     0.431     0.291      0.32      2.28     0.478    0.0109
   195/299     1.91G      1.63      1.08    0.0329      2.74         1       384      0.23     0.428     0.267     0.299      2.31     0.495    0.0128
   196/299     1.91G      1.65      1.04    0.0199      2.71         1       384     0.252     0.461     0.293     0.326      2.27     0.474     0.018
   197/299     1.91G      1.71      1.18    0.0207      2.91         4       320     0.241     0.469     0.265     0.319      2.28     0.481    0.0242
   198/299     1.91G      1.72      1.24    0.0192      2.98         6       608     0.234     0.466      0.27     0.311       2.3     0.494    0.0193
   199/299     1.91G      1.68      1.07     0.025      2.77         3       608     0.265     0.455     0.276     0.335      2.24     0.464    0.0141
   200/299     1.91G      1.58      0.97    0.0331      2.58         2       512     0.288     0.505     0.318     0.366      2.11     0.473    0.0116
   201/299     1.91G      1.73      1.08    0.0276      2.84         3       512     0.302     0.501     0.312     0.377      2.15     0.474    0.0102
   202/299     1.91G      1.63      0.98    0.0185      2.63         2       640     0.221     0.422      0.26      0.29      2.29     0.489    0.0103
   203/299     1.91G      1.64     0.978    0.0147      2.63         1       480     0.249     0.415     0.276      0.31      2.19     0.463    0.0111
   204/299     1.91G      1.69      1.09    0.0425      2.82         5       608      0.27      0.44     0.281     0.335       2.2     0.461    0.0144
   205/299     1.91G      1.66      1.05    0.0383      2.75         1       512     0.262     0.463     0.294     0.335      2.28     0.466    0.0109
   206/299     1.91G      1.62      1.07    0.0262      2.71         2       544     0.271     0.463     0.288     0.342      2.28     0.472    0.0112
   207/299     1.91G      1.55      1.06    0.0187      2.63         2       448     0.278     0.472     0.296      0.35      2.21     0.474    0.0139
   208/299     1.91G      1.65     0.947    0.0272      2.63         2       640     0.267     0.437     0.301     0.331      2.25     0.461    0.0101
   209/299     1.91G      1.66      1.08    0.0228      2.75         6       448     0.273     0.423      0.29     0.332      2.27      0.46   0.00969
   210/299     1.91G      1.63      1.08    0.0361      2.74         2       640      0.23     0.412     0.284     0.295      2.27     0.475   0.00892
   211/299     1.91G      1.72      1.11    0.0229      2.85         4       352     0.241     0.471     0.266     0.319      2.29     0.492   0.00984
   212/299     1.91G      1.59      1.02    0.0236      2.63         2       352     0.265     0.442     0.286      0.33      2.27     0.469    0.0107
   213/299     1.91G      1.61     0.959    0.0188      2.59         2       384     0.282     0.504     0.308     0.362      2.21     0.467    0.0121
   214/299     1.91G      1.62      1.24     0.021      2.88         2       544     0.218     0.431     0.261     0.289      2.34     0.495    0.0122
   215/299     1.91G      1.59     0.922    0.0196      2.53         1       448     0.298      0.49     0.313      0.37      2.31     0.461    0.0116
   216/299     1.91G      1.51     0.875    0.0178       2.4         1       576     0.323     0.451      0.33     0.374      2.25     0.446    0.0119
   217/299     1.91G      1.61     0.894    0.0246      2.53         1       448     0.309     0.509     0.319     0.384      2.27     0.449    0.0139
   218/299     1.91G      1.58       1.1    0.0252      2.71         1       608     0.248     0.461     0.285     0.322      2.32     0.471    0.0151
   219/299     1.91G      1.63     0.879    0.0181      2.53         1       640     0.319     0.523      0.32     0.396      2.15     0.457    0.0101
   220/299     1.91G      1.64      1.12    0.0246      2.78         3       320     0.264      0.49     0.296     0.343      2.22     0.473   0.00909
   221/299     1.91G      1.61      1.19    0.0144      2.82         1       544     0.219     0.439     0.257     0.292      2.32     0.494   0.00877
   222/299     1.91G      1.53      0.93    0.0158      2.47         1       576     0.263     0.461     0.295     0.335      2.29     0.463   0.00861
   223/299     1.91G      1.68      1.07    0.0295      2.78         1       576     0.241     0.442     0.269     0.312      2.34     0.483   0.00727
   224/299     1.91G      1.58     0.865    0.0151      2.46         3       320     0.338     0.482     0.315     0.395      2.16     0.453   0.00805
   225/299     1.91G      1.65       1.1    0.0415      2.79         1       512     0.309     0.431     0.315     0.354      2.22     0.453   0.00862
   226/299     1.91G      1.53     0.973    0.0146      2.52         8       544     0.311     0.428     0.306     0.354      2.17     0.449   0.00941
   227/299     1.91G      1.54      1.06    0.0367      2.64         2       576     0.308     0.465     0.311      0.37      2.13     0.452   0.00987
   228/299     1.91G      1.56     0.994     0.021      2.58         3       384     0.267     0.447     0.297     0.334      2.21     0.451   0.00766
   229/299     1.91G      1.55      1.04     0.027      2.62         1       512     0.276     0.453     0.303     0.343      2.26     0.462   0.00676
   230/299     1.91G      1.52     0.997    0.0204      2.54         3       352     0.287     0.474     0.319     0.357      2.27     0.458   0.00646
   231/299     1.91G      1.66      1.15    0.0298      2.84         3       640     0.236     0.455     0.296     0.311      2.36     0.475   0.00676
   232/299     1.91G      1.61       1.1    0.0295      2.74         2       608     0.266     0.477       0.3     0.342       2.2     0.471   0.00728
   233/299     1.91G      1.58     0.991     0.015      2.59         3       640     0.291     0.458     0.299     0.354      2.28     0.456   0.00686
   234/299     1.91G      1.66      1.15    0.0263      2.83         1       320     0.252     0.477     0.283     0.329      2.38      0.48   0.00655
   235/299     1.91G       1.6      1.03    0.0198      2.64         1       608      0.23     0.463     0.269     0.307      2.38     0.486   0.00699
   236/299     1.91G      1.61      1.01    0.0135      2.63         2       544     0.253      0.49     0.296     0.334      2.27     0.476   0.00712
   237/299     1.91G      1.53     0.956    0.0163      2.51         1       512     0.276     0.471     0.304     0.348      2.23     0.455   0.00717
   238/299     1.91G       1.5     0.877    0.0274       2.4         6       480      0.33     0.531     0.346     0.407      2.19     0.446   0.00785
   239/299     1.91G      1.57     0.997    0.0224      2.59         5       448      0.28     0.512     0.312     0.362      2.25     0.459   0.00822
   240/299     1.91G      1.55      1.11    0.0182      2.68         1       416     0.254      0.49       0.3     0.335      2.27     0.472   0.00951
   241/299     1.91G      1.48     0.916    0.0219      2.42         2       608     0.306     0.504     0.318      0.38      2.18      0.45    0.0114
   242/299     1.91G      1.49     0.872    0.0176      2.38         3       416     0.345     0.486     0.337     0.402      2.11     0.444    0.0134
   243/299     1.91G       1.6      1.01    0.0529      2.66         1       512     0.303     0.504     0.308     0.379      2.27      0.46    0.0109
   244/299     1.91G      1.65      1.16    0.0154      2.82         3       416     0.231     0.485     0.283     0.313      2.38     0.486   0.00988
   245/299     1.91G       1.6      1.31    0.0204      2.93         2       320     0.191     0.415     0.237     0.262      2.48     0.513   0.00914
   246/299     1.91G      1.64      1.22    0.0423       2.9         1       608       0.2     0.412     0.253     0.269      2.42     0.499   0.00792
   247/299     1.91G      1.59      1.07    0.0194      2.68         5       512     0.233     0.445     0.273     0.306      2.31     0.475    0.0211
   248/299     1.91G      1.57      1.06    0.0256      2.65         4       320     0.228     0.439      0.27       0.3      2.37     0.477    0.0462
   249/299     1.91G      1.59      1.11    0.0231      2.71         1       608     0.226     0.439     0.268     0.298      2.38     0.478     0.033
   250/299     1.91G      1.48     0.837    0.0126      2.33         2       608       0.3     0.458     0.289     0.363      2.25     0.444    0.0247
   251/299     1.91G      1.57      1.22    0.0408      2.83         1       384     0.262     0.445     0.281      0.33      2.35     0.464     0.019
   252/299     1.91G      1.54      0.89    0.0216      2.45         4       416     0.295     0.466     0.307     0.362      2.26     0.449    0.0161
   253/299     1.91G      1.53      1.02    0.0173      2.57         2       352     0.274     0.473      0.29     0.347      2.27     0.458    0.0124
   254/299     1.91G      1.64     0.966     0.018      2.62         3       384     0.299     0.517     0.318     0.379      2.25     0.459     0.012
   255/299     1.91G      1.51     0.976    0.0154       2.5         2       416     0.295     0.526     0.316     0.378      2.31     0.466    0.0104
   256/299     1.91G      1.55      1.08    0.0149      2.65         5       576     0.246     0.455     0.285     0.319      2.39     0.461    0.0124
   257/299     1.91G       1.5     0.897      0.02      2.42         2       544      0.25      0.45     0.291     0.322       2.3     0.459     0.014
   258/299     1.91G      1.42       0.9   0.00998      2.33         1       608     0.269      0.49     0.302     0.347      2.28     0.463    0.0122
   259/299     1.91G      1.52     0.946    0.0181      2.48         1       640     0.289     0.498     0.316     0.366      2.22     0.465    0.0123
   260/299     1.91G      1.63      1.13    0.0215      2.79         3       384     0.271     0.507     0.309     0.353      2.18     0.477    0.0108
   261/299     1.91G      1.47     0.926     0.016      2.41         1       384     0.282     0.464     0.306      0.35      2.13     0.453    0.0103
   262/299     1.91G      1.55      1.05    0.0162      2.62         2       384      0.28     0.447     0.301     0.344       2.2     0.447    0.0108
   263/299     1.91G      1.44     0.773    0.0128      2.22         1       608     0.324     0.482     0.332     0.387      2.16     0.439    0.0112
   264/299     1.91G      1.51     0.928    0.0138      2.45         2       544     0.312      0.49     0.321     0.381      2.23     0.453    0.0108
   265/299     1.91G      1.61      1.19    0.0158      2.82         3       384     0.253     0.504      0.31     0.337      2.31     0.491     0.009
   266/299     1.91G      1.53     0.916    0.0468      2.49         4       352     0.299     0.482     0.321     0.368      2.17     0.464   0.00897
   267/299     1.91G      1.54       0.8    0.0118      2.35         2       544     0.307     0.474     0.326     0.373      2.11      0.45   0.00786
   268/299     1.91G      1.43     0.873    0.0286      2.33         2       544     0.297     0.482     0.319     0.368      2.18     0.453   0.00784
   269/299     1.91G      1.52      1.08    0.0147      2.61         1       384     0.264     0.462     0.302     0.336      2.31     0.462   0.00827
   270/299     1.91G      1.51      1.12    0.0133      2.65         2       512     0.254     0.462     0.286     0.327      2.32      0.47   0.00944
   271/299     1.91G      1.49     0.962     0.021      2.48         2       416     0.272     0.469     0.303     0.345      2.22     0.458   0.00985
   272/299     1.91G       1.5     0.885    0.0213       2.4         1       512     0.295      0.49     0.323     0.368      2.08     0.455   0.00834
   273/299     1.91G      1.56      1.09    0.0226      2.67         6       416      0.29     0.488     0.322     0.364      2.11      0.46   0.00841
   274/299     1.91G      1.48      1.05    0.0222      2.55         2       608     0.257      0.48     0.293     0.334      2.23     0.474   0.00843
   275/299     1.91G      1.56      1.04    0.0137      2.61         1       352     0.273     0.479     0.307     0.348      2.25      0.46   0.00825
   276/299     1.91G      1.43     0.917    0.0125      2.36         2       416     0.288      0.49     0.316     0.363      2.24     0.456   0.00858
   277/299     1.91G      1.52      1.06    0.0167       2.6         1       608     0.262     0.498     0.312     0.343      2.28     0.472   0.00981
   278/299     1.91G      1.47     0.878    0.0219      2.37         2       512     0.275     0.463      0.32     0.345       2.2     0.447     0.011
   279/299     1.91G      1.59      1.17    0.0252      2.79         2       320     0.258      0.46     0.297      0.33      2.28     0.455    0.0103
   280/299     1.91G      1.55      1.11    0.0225      2.69         2       352     0.249      0.47     0.292     0.326      2.37     0.476    0.0103
   281/299     1.91G       1.4     0.906    0.0103      2.32         2       576     0.274     0.474      0.31     0.348      2.27     0.461    0.0109
   282/299     1.91G      1.62      1.17    0.0131      2.81         1       320     0.274     0.492     0.305     0.351      2.29     0.469   0.00862
   283/299     1.91G      1.45     0.971    0.0148      2.44         1       576     0.248      0.46     0.293     0.322      2.31     0.488   0.00789
   284/299     1.91G      1.51      1.09    0.0275      2.62         6       384     0.263     0.482      0.31      0.34      2.29     0.476   0.00738
   285/299     1.91G      1.53      1.07    0.0179      2.61         2       416     0.256     0.482     0.306     0.335      2.29     0.474   0.00731
   286/299     1.91G      1.47     0.926    0.0203      2.42         2       480     0.268     0.461     0.311     0.339      2.25     0.463   0.00726
   287/299     1.91G      1.49     0.914    0.0138      2.41         1       480     0.271     0.475     0.307     0.345      2.27     0.467   0.00689
   288/299     1.91G      1.53      1.04    0.0166      2.59         1       448      0.26     0.469     0.302     0.334      2.26     0.466   0.00712
   289/299     1.91G      1.62      1.19    0.0259      2.83         1       384     0.232     0.459     0.286     0.308      2.36     0.487   0.00657
   290/299     1.91G      1.46     0.944    0.0138      2.42         1       512     0.254      0.49       0.3     0.335      2.29     0.472   0.00704
   291/299     1.91G      1.48     0.947    0.0265      2.45         1       480     0.276     0.482     0.306     0.351      2.28     0.461   0.00697
   292/299     1.91G      1.54      1.06    0.0115      2.61         2       320     0.289     0.485     0.308     0.362      2.24     0.457    0.0069
   293/299     1.91G      1.48      1.05    0.0221      2.55         2       576      0.26     0.455     0.302     0.331      2.28     0.464    0.0065
   294/299     1.91G       1.5      1.02    0.0158      2.54         2       608      0.26     0.455     0.298     0.331      2.25     0.465   0.00627
   295/299     1.91G      1.48     0.981    0.0126      2.47         3       480     0.277     0.482     0.298     0.352      2.21     0.467   0.00637
   296/299     1.91G      1.43     0.922    0.0141      2.37         1       320     0.269     0.477     0.298     0.344      2.25     0.469   0.00623
   297/299     1.91G       1.6      1.15    0.0224      2.77         1       352      0.24     0.455     0.281     0.314      2.33     0.484   0.00655
   298/299     1.91G      1.58      1.12    0.0123      2.71         1       352      0.25     0.475     0.286     0.328      2.36     0.479   0.00664
   299/299     1.91G      1.38     0.918    0.0143      2.31         4       544     0.264     0.464     0.303     0.337      2.31     0.453   0.00765
