0 0.574519 0.816106 0.264423 0.199519
0 0.562500 0.506010 0.192308 0.108173
0 0.641827 0.403846 0.158654 0.057692
0 0.656250 0.334135 0.115385 0.038462
0 0.397837 0.427885 0.098558 0.043269
0 0.396635 0.385817 0.081731 0.040865
0 0.356971 0.352163 0.060096 0.031250
0 0.542067 0.375000 0.127404 0.048077
0 0.111779 0.763221 0.103365 0.088942
0 0.465144 0.336538 0.060096 0.033654
0 0.593750 0.305288 0.076923 0.028846
0 0.554087 0.281250 0.088942 0.028846
0 0.411058 0.290865 0.072115 0.038462
0 0.552885 0.258413 0.076923 0.012019
0 0.628606 0.241587 0.132212 0.031250
