0 0.316106 0.962740 0.165865 0.074519
0 0.612981 0.870192 0.182692 0.110577
0 0.614183 0.681490 0.199519 0.122596
0 0.881010 0.709135 0.151442 0.086538
0 0.794471 0.626202 0.141827 0.084135
0 0.651442 0.540865 0.139423 0.057692
0 0.323317 0.608173 0.141827 0.096154
0 0.193510 0.638221 0.108173 0.036058
0 0.349760 0.490385 0.161058 0.057692
0 0.415865 0.435096 0.086538 0.048077
0 0.457933 0.400240 0.074519 0.031250
0 0.359375 0.359375 0.055288 0.026442
0 0.396635 0.329327 0.091346 0.028846
0 0.548077 0.331731 0.125000 0.052885
0 0.931490 0.530048 0.098558 0.074519
0 0.780048 0.506010 0.132212 0.074519
0 0.686298 0.437500 0.127404 0.062500
0 0.377404 0.723558 0.125000 0.115385
0 0.895433 0.826923 0.084135 0.072115
0 0.810096 0.320913 0.375000 0.098558
0 0.281250 0.343750 0.062500 0.038462
0 0.305288 0.284856 0.062500 0.031250
0 0.256010 0.257212 0.069712 0.024038
0 0.342548 0.258413 0.084135 0.021635
0 0.467548 0.288462 0.103365 0.028846
0 0.486779 0.235577 0.055288 0.024038
