0 0.701923 0.860241 0.177885 0.178313
0 0.409856 0.662651 0.165865 0.096386
0 0.495192 0.572289 0.096154 0.055422
0 0.686298 0.667470 0.204327 0.081928
0 0.768029 0.545783 0.156250 0.103614
0 0.625000 0.533735 0.048077 0.031325
0 0.372596 0.440964 0.048077 0.033735
0 0.673077 0.387952 0.038462 0.014458
0 0.618990 0.366265 0.055288 0.024096
0 0.669471 0.314458 0.093750 0.036145
0 0.058894 0.462651 0.112981 0.067470
0 0.532452 0.302410 0.060096 0.026506
0 0.576923 0.249398 0.081731 0.045783
0 0.406250 0.280723 0.028846 0.021687
