0 0.478365 0.926683 0.201923 0.103365
0 0.599760 0.844952 0.161058 0.050481
0 0.411058 0.781250 0.177885 0.052885
0 0.266827 0.841346 0.134615 0.057692
0 0.542067 0.704327 0.093750 0.052885
0 0.742788 0.760817 0.072115 0.021635
0 0.383413 0.591346 0.074519 0.033654
0 0.683894 0.614183 0.074519 0.031250
0 0.734375 0.662260 0.093750 0.031250
0 0.849760 0.653846 0.050481 0.028846
0 0.584135 0.539663 0.057692 0.016827
0 0.665865 0.512019 0.072115 0.014423
0 0.356971 0.504808 0.098558 0.024038
0 0.491587 0.484375 0.103365 0.021635
0 0.663462 0.429087 0.067308 0.021635
0 0.531250 0.420673 0.100962 0.024038
0 0.263221 0.508413 0.098558 0.045673
0 0.085337 0.652644 0.093750 0.064904
0 0.846154 0.909856 0.278846 0.165865
0 0.111779 0.549279 0.079327 0.040865
